01001011110110111001
00111011101110001001
10111011100100100010
01000101101111101000
10000111100001111100
10010000111001111011
11000001000010001111
11101100111110111110
00010010001101011010
10010100101001010010
10001000110100010110
00101110100101110100
10010001001100110111
11101011100100100010
10001001000010111100
11010001111010001000
10011101111000011110
01011010110110100110
10011101001011011101
10011100100101001100
11000011010010000101
10001001111010010001
10001001001001001010
10001011011101110110
10010111010001010000
10010100010010011101
11011011111010010011
10000100111101101001
10010100111011010100
10010101110110110110
11001001101111101001
10010100111101010001
11010100100100011101
11011101110111011101
10011101101111101010
01001001001101110101
01110101001101110101
01101110100010101001
10000101000100101110
10010001111011101101
01101101110110111010
01101110110100110110
10010011110110111010
10011011000110111010
01001011101010011101
10010110111101010010
01101101000101011101
10001110110010100101
10010010110110101111
00111011011101101010
11011010010111101101
10001111011101110100
00011101101001101110
10010100100001111101
10010010101011110110
01110100001110111011
01101010011110111011
10010011010001010100
11101110111011011011
10001111101101001010
10101011010101010101
10110100110110010100
10101111011011000111
01110100100110111110
01110101010011101110
10011110100100100101
10010100101010010110
10010001101010111000
10110110000010111110
10111010110111001100
10001110111010110110
10101010011110111011
01010110011010010010
01101101010100010101
01110110101001011101
01101100110010100110
10101000000001111110
01011101100011101101
10010111011001110101
10011101101110100011
10010100101010011101
10110101010010010010
10101011101100110101
10110110101010101110
10001111011010001010
10101011101011101101
10101111011101011011
10011110111011010101
11101000010010010011
10001110111011001101
10100011100000000100
00100001000010001110
00101000101000101111
01110101000110101010
00001111011000110101
10010101000011011100
10110110000111010110
10110101110101111001
10101111101000010101
10010010101010101010
