00001001001000101110
11110010010001010001
01101000100101101000
00100011001000110001
10100100010100110001
00000100000001001110
00100100111010111111
10000011011000011111
01101000101001011010
11001101000001001100
01101110100011011000
00110000111001001000
10000001101001100001
01111001000000110001
10100011010111110011
11110111011110101000
00000101101011110111
11110010001111011101
10001110100111100010
10001000100000011100
10110010111000010000
00110011101100011101
01111111011101101101
10100101110101111100
00111101001100010110
00001101100010011011
00010100110000010100
10001101001100110000
11010100110111001111
11101100101010111011
00011001111011101101
10001000001111011101
01110000100001010000
11011101110100010110
01101000101110001001
11011000110111001101
01100100001110101100
11110101100100101010
10111001010110011011
00000010000110110011
01100110100011111011
00011100110100100111
01011000101000011000
11101001010001011001
11001100110000111111
10110011101010101101
00010001011110011011
10000110000111111010
10011111110100010010
10011010011001010000
00110111101101010110
00011000010011111101
01101001000110000111
01110010101010110001
01100011001001010010
01110011100110100111
00000010110111110001
10100110110010110100
11110011100111001110
01011001010111100010
01111001110010000010
00000011000011100100
11000111011011110111
11110011011101100000
00111010100101101011
01010101011001001001
10010111000001011011
01100010111101101010
00110101110001100101
10110010001100101011
10100100110101100101
01101010101011001001
00011000101000001000
00011110101110100100
11010110000100101111
11000100100100011100
01000110100010001110
01011100000111111010
11010011110011110100
00100010000110010000
10010011110001001110
00111111010010000010
10000100000011100111
10110100111110001000
01101011100011101000
10101001011001101010
00101111110101010001
00101001110101101000
00000111001010110101
01000011000011001100
10100001101011001100
11110101011111101011
11101001110100100010
11001111100110011111
10111100010000100010
00111110000010100001
00110001011110101110
01010001101100100000
11110111001101100001
10011011001100010100
